[gd_scene load_steps=2 format=3 uid="uid://brr0wl0uvjuk7"]

[ext_resource type="PackedScene" uid="uid://cd665hbqpt2qq" path="res://Meshes/Boro_10.gltf" id="1_oo0vg"]

[node name="blockbench_export" instance=ExtResource("1_oo0vg")]

[node name="Character" parent="Node" index="0"]
transform = Transform3D(1, 0, 0, 0, 1, 0, 0, 0, 1, -0.0625, -0.25625, 0)

[node name="UpperTorso" parent="Node/Character/Torso2" index="0"]
transform = Transform3D(0.939693, 0.34202, 0, -0.34202, 0.939693, 0, 0, 0, 1, 0, 0.875, 0)

[node name="UpperArmL" parent="Node/Character/Torso2/UpperTorso" index="8"]
transform = Transform3D(0.906308, 0.422618, 0, -0.416198, 0.892539, 0.173648, 0.0733869, -0.157379, 0.984808, 0, 0.300888, -0.217862)

[node name="LowerArmL2" parent="Node/Character/Torso2/UpperTorso/UpperArmL" index="4"]
transform = Transform3D(-0.386066, -0.689893, -0.612372, 0.914262, -0.197798, -0.353553, 0.122788, -0.696364, 0.707107, 0, -0.25625, -0.2375)

[node name="HandL2" parent="Node/Character/Torso2/UpperTorso/UpperArmL/LowerArmL2" index="2"]
transform = Transform3D(0.882265, -0.221665, 0.415299, 0.155225, 0.969846, 0.187892, -0.444425, -0.101306, 0.890069, 0, -0.205362, -0.200888)

[node name="UpperArmR" parent="Node/Character/Torso2/UpperTorso" index="9"]
transform = Transform3D(0.906308, 0.422618, 0, -0.416198, 0.892539, -0.173648, -0.0733869, 0.157379, 0.984808, 0, 0.300888, 0.211612)

[node name="LowerArmR2" parent="Node/Character/Torso2/UpperTorso/UpperArmR" index="4"]
transform = Transform3D(-0.386066, -0.689893, 0.612372, 0.914262, -0.197798, 0.353553, -0.122788, 0.696364, 0.707107, 0, -0.25625, 0.24375)

[node name="HandR2" parent="Node/Character/Torso2/UpperTorso/UpperArmR/LowerArmR2" index="2"]
transform = Transform3D(0.925417, -0.220088, -0.308489, 0.173648, 0.969846, -0.17101, 0.336824, 0.104687, 0.93573, 0, -0.211612, 0.207138)

[node name="Neck2" parent="Node/Character/Torso2/UpperTorso" index="10"]
transform = Transform3D(0.984808, -0.173648, 0, 0.173648, 0.984808, 0, 0, 0, 1, 0.20625, 0.29375, -1.27213e-17)

[node name="Head2" parent="Node/Character/Torso2/UpperTorso/Neck2" index="2"]
transform = Transform3D(0.996195, -0.0871557, 0, 0.0871557, 0.996195, 0, 0, 0, 1, 0.08125, 0.0625, 0)

[node name="LowerTorso" parent="Node/Character/Torso2" index="1"]
transform = Transform3D(0.996195, -0.0871558, 0, 0.0871558, 0.996195, 0, 0, 0, 1, 0, 0.9375, 0)

[node name="ThighL2" parent="Node/Character/Torso2/LowerTorso" index="4"]
transform = Transform3D(0.642788, -0.607744, 0.466338, 0.766045, 0.509957, -0.391304, 5.96047e-08, 0.608761, 0.793353, 0, -0.1875, -0.09375)

[node name="CalfL2" parent="Node/Character/Torso2/LowerTorso/ThighL2" index="2"]
transform = Transform3D(-0.397131, 0.851651, 0.34202, -0.906308, -0.422618, 0, 0.144544, -0.309975, 0.939692, 0, -0.28125, 2.77556e-17)

[node name="FootL2" parent="Node/Character/Torso2/LowerTorso/ThighL2/CalfL2" index="2"]
transform = Transform3D(0.609147, -0.792874, -0.0170649, 0.79275, 0.608171, 0.0409442, -0.0220852, -0.0384692, 0.999016, -0.00625, -0.2375, -2.77556e-17)

[node name="ThighR2" parent="Node/Character/Torso2/LowerTorso" index="5"]
transform = Transform3D(0.642788, -0.607744, -0.466338, 0.766044, 0.509958, 0.391304, -5.96046e-08, -0.608762, 0.793353, 0, -0.1875, 0.09375)

[node name="CalfR2" parent="Node/Character/Torso2/LowerTorso/ThighR2" index="2"]
transform = Transform3D(-0.397131, 0.851651, -0.34202, -0.906308, -0.422618, 0, -0.144544, 0.309976, 0.939693, 0, -0.28125, 0)

[node name="FootR2" parent="Node/Character/Torso2/LowerTorso/ThighR2/CalfR2" index="2"]
transform = Transform3D(0.609147, -0.792874, 0.0170649, 0.79275, 0.608171, -0.0409442, 0.0220852, 0.0384692, 0.999016, -0.00625, -0.2375, 2.77556e-17)
